  0.200000003       140.074554       1.26800001    
  0.201000005       138.800507       1.26499999    
  0.202000007       137.542664       1.26300001    
  0.203000009       136.297211       1.25999999    
  0.203999996       135.067245       1.25699997    
  0.204999998       133.853180       1.25399995    
  0.206000000       132.654343       1.25099993    
  0.207000002       131.471100       1.24799991    
  0.208000004       130.298981       1.24599993    
  0.209000006       129.141479       1.24299991    
  0.210000008       127.999046       1.23999989    
  0.211000010       126.871346       1.23699987    
  0.211999997       125.755753       1.23499990    
  0.213000000       124.652496       1.23199987    
  0.214000002       123.563652       1.22899985    
  0.215000004       122.489235       1.22599983    
  0.216000006       121.425842       1.22399986    
  0.217000008       120.374397       1.22099984    
  0.218000010       119.337112       1.21799982    
  0.219000012       118.314064       1.21599984    
  0.219999999       117.298759       1.21299982    
  0.221000001       116.297485       1.20999980    
  0.222000003       115.310150       1.20699978    
  0.223000005       114.332184       1.20499980    
  0.224000007       113.365845       1.20199978    
  0.225000009       112.413376       1.19899976    
  0.226000011       111.470627       1.19699979    
  0.226999998       110.538521       1.19399977    
  0.228000000       109.620117       1.19099975    
  0.229000002       108.710678       1.18899977    
  0.230000004       107.812096       1.18599975    
  0.231000006       106.927368       1.18299973    
  0.232000008       106.049301       1.18099976    
  0.233000010       105.183853       1.17799973    
  0.233999997       104.330322       1.17599976    
  0.234999999       103.483871       1.17299974    
  0.236000001       102.651306       1.16999972    
  0.237000003       101.826355       1.16799974    
  0.238000005       101.012550       1.16499972    
  0.239000008       100.210297       1.16299975    
  0.240000010       99.4149246       1.15999973    
  0.240999997       98.6337357       1.15699971    
  0.241999999       97.8577118       1.15499973    
  0.243000001       97.0949173       1.15199971    
  0.244000003       96.3398743       1.14999974    
  0.245000005       95.5953369       1.14699972    
  0.246000007       94.8607635       1.14499974    
  0.247000009       94.1345215       1.14199972    
  0.247999996       93.4196777       1.13999975    
  0.249000013       92.7117767       1.13699973    
  0.250000000       92.0161591       1.13499975    
  0.250999987       91.3265610       1.13199973    
  0.252000004       90.6495132       1.12999976    
  0.253000021       89.9783936       1.12699974    
  0.254000008       89.3196259       1.12499976    
  0.254999995       88.6669922       1.12199974    
  0.256000012       88.0258331       1.11999977    
  0.256999999       87.3919983       1.11699975    
  0.258000016       86.7682114       1.11499977    
  0.259000003       86.1533661       1.11199975    
  0.259999990       85.5465775       1.10999978    
  0.261000007       84.9509811       1.10699975    
  0.261999995       84.3607941       1.10499978    
  0.263000011       83.7839355       1.10299981    
  0.263999999       83.2109222       1.09999979    
  0.264999986       82.6500702       1.09799981    
  0.266000003       82.0971298       1.09499979    
  0.267000020       81.5520630       1.09299982    
  0.268000007       81.0194626       1.08999979    
  0.268999994       80.4900894       1.08799982    
  0.270000011       79.9731827       1.08599985    
  0.270999998       79.4644699       1.08299983    
  0.272000015       78.9628448       1.08099985    
  0.273000002       78.4733734       1.07899988    
  0.273999989       77.9892349       1.07599986    
  0.275000006       77.5147095       1.07399988    
  0.276000023       77.0520859       1.07199991    
  0.277000010       76.5932693       1.06899989    
  0.277999997       76.1453857       1.06699991    
  0.279000014       75.7090225       1.06499994    
  0.280000001       75.2765503       1.06199992    
  0.281000018       74.8548279       1.05999994    
  0.282000005       74.4445267       1.05799997    
  0.282999992       74.0392990       1.05499995    
  0.284000009       73.6436157       1.05299997    
  0.285000026       73.2589874       1.05100000    
  0.286000013       72.8825226       1.04799998    
  0.287000000       72.5125580       1.04600000    
  0.288000017       72.1535110       1.04400003    
  0.289000005       71.8052826       1.04200006    
  0.290000021       71.4629211       1.03900003    
  0.291000009       71.1293488       1.03700006    
  0.291999996       70.8065491       1.03500009    
  0.293000013       70.4944916       1.03300011    
  0.294000000       70.1884003       1.03000009    
  0.295000017       69.8912125       1.02800012    
  0.296000004       69.6046524       1.02600014    
  0.296999991       69.3284607       1.02400017    
  0.298000008       69.0612335       1.02100015    
  0.298999995       68.8004684       1.01900017    
  0.300000012       68.5500641       1.01700020    
  0.300999999       68.3102493       1.01500022    
  0.301999986       68.0808182       1.01300025    
  0.303000003       67.8607101       1.01000023    
  0.304000020       67.6469879       1.00800025    
  0.305000007       67.4440308       1.00600028    
  0.305999994       67.2511520       1.00400031    
  0.307000011       67.0687256       1.00200033    
  0.307999998       66.8966904       1.00000036    
  0.309000015       66.7346420      0.997000337    
  0.310000002       66.5794296      0.995000362    
  0.311000019       66.4344940      0.993000388    
  0.312000006       66.3001404      0.991000414    
  0.313000023       66.1761169      0.989000440    
  0.314000010       66.0626297      0.987000465    
  0.314999998       65.9596100      0.985000491    
  0.316000015       65.8669815      0.983000517    
  0.317000002       65.7847977      0.981000543    
  0.318000019       65.7111969      0.978000522    
  0.319000006       65.6475296      0.976000547    
  0.319999993       65.5946198      0.974000573    
  0.321000010       65.5523071      0.972000599    
  0.322000027       65.5207672      0.970000625    
  0.323000014       65.4999771      0.968000650    
  0.324000001       65.4900589      0.966000676    
  0.324999988       65.4909210      0.964000702    
  0.326000035       65.5027008      0.962000728    
  0.327000022       65.5253677      0.960000753    
  0.328000009       65.5590363      0.958000779    
  0.328999996       65.6036682      0.956000805    
  0.329999983       65.6594543      0.954000831    
  0.331000030       65.7264633      0.952000856    
  0.332000017       65.8046341      0.950000882    
  0.333000004       65.8940735      0.948000908    
  0.333999991       65.9948959      0.946000934    
  0.335000008       66.1071472      0.944000959    
  0.336000025       66.2310257      0.942000985    
  0.337000012       66.3664017      0.940001011    
  0.338000000       66.5133743      0.938001037    
  0.338999987       66.6722641      0.936001062    
  0.340000004       66.8429108      0.934001088    
  0.341000021       67.0255661      0.932001114    
  0.342000008       67.2202682      0.930001140    
  0.342999995       67.4271164      0.928001165    
  0.344000012       67.6463394      0.926001191    
  0.344999999       67.8777924      0.924001217    
  0.346000016       68.1217117      0.922001243    
  0.347000003       68.3783722      0.920001268    
  0.347999990       68.6476746      0.918001294    
  0.349000007       68.9298172      0.916001320    
  0.350000024       69.2249298      0.914001346    
  0.351000011       69.5331573      0.912001371    
  0.351999998       69.8531265      0.911001384    
  0.353000015       70.1849670      0.909001410    
  0.354000002       70.5301361      0.907001436    
  0.355000019       70.8887100      0.905001462    
  0.356000006       71.2609558      0.903001487    
  0.356999993       71.6469879      0.901001513    
  0.358000010       72.0469437      0.899001539    
  0.359000027       72.4609451      0.897001565    
  0.360000014       72.8891678      0.895001590    
  0.361000001       73.3279190      0.894001603    
  0.361999989       73.7806244      0.892001629    
  0.363000005       74.2476959      0.890001655    
  0.364000022       74.7297592      0.888001680    
  0.365000010       75.2265015      0.886001706    
  0.365999997       75.7385483      0.884001732    
  0.367000014       76.2629700      0.883001745    
  0.368000001       76.8001328      0.881001770    
  0.369000018       77.3525696      0.879001796    
  0.370000005       77.9208374      0.877001822    
  0.370999992       78.5048218      0.875001848    
  0.372000009       79.1039734      0.874001861    
  0.373000026       79.7138519      0.872001886    
  0.374000013       80.3398743      0.870001912    
  0.375000000       80.9824905      0.868001938    
  0.376000017       81.6417084      0.866001964    
  0.377000004       82.3148193      0.865001976    
  0.378000021       83.0006943      0.863002002    
  0.379000008       83.7037735      0.861002028    
  0.379999995       84.4240952      0.859002054    
  0.381000012       85.1610107      0.858002067    
  0.382000029       85.9086761      0.856002092    
  0.383000016       86.6742096      0.854002118    
  0.384000003       87.4577713      0.852002144    
  0.385000020       88.2580566      0.851002157    
  0.386000007       89.0697632      0.849002182    
  0.387000024       89.9001465      0.847002208    
  0.388000011       90.7494812      0.845002234    
  0.388999999       91.6126862      0.844002247    
  0.390000015       92.4909744      0.842002273    
  0.391000032       93.3886108      0.840002298    
  0.392000020       94.3049774      0.839002311    
  0.393000007       95.2321472      0.837002337    
  0.393999994       96.1795502      0.835002363    
  0.395000011       97.1471252      0.833002388    
  0.396000028       98.1262665      0.832002401    
  0.397000015       99.1245270      0.830002427    
  0.398000002       100.143608      0.828002453    
  0.398999989       101.175735      0.827002466    
  0.400000036       102.226227      0.825002491    
  0.401000023       103.298248      0.823002517    
  0.402000010       104.383278      0.822002530    
  0.402999997       105.487457      0.820002556    
  0.403999984       106.613792      0.818002582    
  0.405000031       107.751755      0.817002594    
  0.406000018       108.910950      0.815002620    
  0.407000005       110.091599      0.814002633    
  0.407999992       111.284012      0.812002659    
  0.409000009       112.500214      0.810002685    
  0.410000026       113.733772      0.809002697    
  0.411000013       114.983894      0.807002723    
  0.412000000       116.258209      0.805002749    
  0.412999988       117.544861      0.804002762    
  0.414000034       118.854294      0.802002788    
  0.415000021       120.183563      0.801002800    
  0.416000009       121.528534      0.799002826    
  0.417000026       122.899200      0.797002852    
  0.418000013       124.281578      0.796002865    
  0.419000030       125.688934      0.794002891    
  0.420000017       127.113998      0.793002903    
  0.421000004       128.558304      0.791002929    
  0.422000021       130.026154      0.790002942    
  0.423000008       131.508331      0.788002968    
  0.424000025       133.017853      0.786002994    
  0.425000012       134.539383      0.785003006    
  0.425999999       136.087738      0.783003032    
  0.427000016       137.651947      0.782003045    
  0.428000003       139.239883      0.780003071    
  0.429000020       140.846863      0.779003084    
  0.430000007       142.475067      0.777003109    
  0.430999994       144.124817      0.776003122    
  0.432000041       145.793762      0.774003148    
  0.433000028       147.486725      0.773003161    
  0.434000015       149.197479      0.771003187    
  0.435000002       150.933014      0.770003200    
  0.436000019       152.685913      0.768003225    
  0.437000036       154.464706      0.767003238    
  0.438000023       156.260864      0.765003264    
  0.439000010       158.082642      0.764003277    
  0.439999998       159.922409      0.762003303    
  0.441000015       161.787628      0.761003315    
  0.442000031       163.671875      0.759003341    
  0.443000019       165.580505      0.758003354    
  0.444000006       167.510040      0.756003380    
  0.444999993       169.462189      0.755003393    
  0.446000010       171.437912      0.753003418    
  0.447000027       173.434021      0.752003431    
  0.448000014       175.456360      0.750003457    
  0.449000001       177.496216      0.749003470    
  0.449999988       179.566589      0.747003496    
  0.451000035       181.650696      0.746003509    
  0.452000022       183.765182      0.745003521    
  0.453000009       185.897583      0.743003547    
  0.453999996       188.056427      0.742003560    
  0.454999983       190.238708      0.740003586    
  0.456000030       192.441986      0.739003599    
  0.457000017       194.674957      0.737003624    
  0.458000004       196.922974      0.736003637    
  0.458999991       199.201599      0.735003650    
  0.459999979       201.500229      0.733003676    
  0.461000025       203.823898      0.732003689    
  0.462000012       206.175385      0.730003715    
  0.463000000       208.543991      0.729003727    
  0.464000046       210.943268      0.728003740    
  0.464999974       213.363251      0.726003766    
  0.466000021       215.808075      0.725003779    
  0.467000008       218.282990      0.723003805    
  0.467999995       220.773453      0.722003818    
  0.469000041       223.294617      0.721003830    
  0.470000029       225.841187      0.719003856    
  0.471000016       228.408173      0.718003869    
  0.472000003       231.005814      0.717003882    
  0.472999990       233.625397      0.715003908    
  0.474000037       236.269577      0.714003921    
  0.475000024       238.944000      0.713003933    
  0.476000011       241.638641      0.711003959    
  0.476999998       244.360107      0.710003972    
  0.477999985       247.112167      0.709003985    
  0.479000032       249.883118      0.707004011    
  0.480000019       252.682388      0.706004024    
  0.481000006       255.512360      0.705004036    
  0.482000053       258.362061      0.703004062    
  0.482999980       261.239258      0.702004075    
  0.484000027       264.147644      0.701004088    
  0.485000014       267.086395      0.700004101    
  0.486000001       270.120209      0.700004101    
  0.487000048       273.253723      0.700004101    
  0.488000035       276.486389      0.700004101    
  0.489000022       279.818665      0.700004101    
  0.490000010       283.250092      0.700004101    
  0.490999997       286.781281      0.700004101    
  0.492000043       290.411926      0.700004101    
  0.493000031       294.141571      0.700004101    
  0.494000018       297.970642      0.700004101    
  0.495000005       301.899109      0.700004101    
  0.495999992       305.927032      0.700004101    
  0.497000039       310.054413      0.700004101    
  0.498000026       314.281097      0.700004101    
  0.499000013       318.607025      0.700004101    
  0.500000000       323.032196      0.700004101    
