  0.500000000       1.38890076       1.48027849    
  0.500999987       1.35123444       1.44000125    
  0.501999974       1.31422424       1.40027928    
  0.503000021       1.27788544       1.36111104    
  0.504000008       1.24221802       1.32250023    
  0.504999995       1.20720673       1.28444529    
  0.505999982       1.17286682       1.24694574    
  0.506999969       1.13919067       1.21000159    
  0.508000016       1.10517120       1.17361116    
  0.509000003       1.07096100       1.13777816    
  0.509999990       1.03741455       1.10250092    
  0.510999978       1.00453949       1.06777918    
  0.511999965      0.972328186       1.03361273    
  0.513000011      0.940788269       1.00000024    
  0.513999999      0.909904480      0.966944933    
  0.514999986      0.879699707      0.934445441    
  0.515999973      0.850143433      0.902501345    
  0.517000020      0.821258545      0.871111035    
  0.518000007      0.793037415      0.840278029    
  0.518999994      0.765480042      0.810000598    
  0.519999981      0.738578796      0.780278802    
  0.520999968      0.712348938      0.751112461    
  0.522000015      0.685119629      0.722500026    
  0.523000002      0.658401489      0.694444835    
  0.523999989      0.632347107      0.666945100    
  0.524999976      0.606826782      0.640001059    
  0.526000023      0.581275940      0.613610864    
  0.527000010      0.556388855      0.587777913    
  0.527999997      0.532173157      0.562500477    
  0.528999984      0.508621216      0.537778497    
  0.529999971      0.485733032      0.513612211    
  0.531000018      0.463516235      0.489999890    
  0.532000005      0.441955566      0.466944695    
  0.532999992      0.421058655      0.444444954    
  0.533999979      0.400825500      0.422500730    
  0.534999967      0.381256104      0.401112169    
  0.536000013      0.362350464      0.380277783    
  0.537000000      0.342643738      0.360000312    
  0.537999988      0.323295593      0.340278298    
  0.538999975      0.304618835      0.321111858    
  0.540000021      0.286598206      0.302499890    
  0.541000009      0.269248962      0.284444541    
  0.541999996      0.252563477      0.266944796    
  0.542999983      0.236534119      0.250000536    
  0.543999970      0.221168518      0.233611822    
  0.545000017      0.206474304      0.217777759    
  0.546000004      0.192436218      0.202500150    
  0.546999991      0.179054260      0.187778115    
  0.547999978      0.166336060      0.173611626    
  0.548999965      0.154273987      0.160000652    
  0.550000012      0.142875671      0.146944478    
  0.550999999      0.130920410      0.134444624    
  0.551999986      0.119125366      0.122500330    
  0.552999973      0.108001709      0.111111574    
  0.554000020       9.75341797E-02  0.100277722    
  0.555000007       8.77304077E-02   9.00000781E-02
  0.555999994       7.85903931E-02   8.02779645E-02
  0.556999981       6.98089600E-02   7.11114034E-02
  0.557999969       6.12335205E-02   6.25003874E-02
  0.559000015       5.33218384E-02   5.44444397E-02
  0.560000002       4.60739136E-02   4.69445288E-02
  0.560999990       3.94897461E-02   4.00001630E-02
  0.561999977       3.35617065E-02   3.36113423E-02
  0.562999964       2.82897949E-02   2.77780574E-02
  0.564000010       2.36816406E-02   2.25000195E-02
  0.564999998       1.97372437E-02   1.77778509E-02
  0.565999985       1.61514282E-02   1.36112245E-02
  0.566999972       1.18637085E-02   1.00001404E-02
  0.568000019       8.23211670E-03   6.94443099E-03
  0.569000006       5.26428223E-03   4.44446271E-03
  0.569999993       2.96020508E-03   2.50003510E-03
  0.570999980       1.31225586E-03   1.11114874E-03
  0.571999967       3.28063965E-04   2.77803774E-04
  0.573000014       0.00000000       0.00000000    
  0.574000001       3.28063965E-04   2.77770654E-04
  0.574999988       1.31988525E-03   1.11108262E-03
  0.575999975       2.96783447E-03   2.49993568E-03
  0.577000022       5.27191162E-03   4.44446271E-03
  0.578000009       8.23211670E-03   6.94443099E-03
  0.578999996       1.18484497E-02   9.99994203E-03
  0.579999983       1.61209106E-02   1.36109926E-02
  0.580999970       2.03323364E-02   1.77775845E-02
  0.582000017       2.43148804E-02   2.25000195E-02
  0.583000004       2.89535522E-02   2.77777240E-02
  0.583999991       3.42559814E-02   3.36109772E-02
  0.584999979       4.02069092E-02   3.99997681E-02
  0.585999966       4.68215942E-02   4.69440967E-02
  0.587000012       5.40924072E-02   5.44444397E-02
  0.588000000       6.20117188E-02   6.24998808E-02
  0.588999987       7.05947876E-02   7.11108819E-02
  0.589999974       7.98263550E-02   8.02774057E-02
  0.591000021       8.95538330E-02   9.00000781E-02
  0.592000008       9.94262695E-02  0.100277722    
  0.592999995      0.109954834      0.111110896    
  0.593999982      0.121139526      0.122499645    
  0.594999969      0.132972717      0.134443909    
  0.596000016      0.145469666      0.146944478    
  0.597000003      0.158103943      0.159999862    
  0.597999990      0.170356750      0.173610777    
  0.598999977      0.183265686      0.187777266    
  0.599999964      0.196830750      0.202499270    
  0.601000011      0.211059570      0.217777759    
  0.601999998      0.225936890      0.233610868    
  0.602999985      0.241470337      0.249999523    
  0.603999972      0.257659912      0.266943753    
  0.605000019      0.274505615      0.284444541    
  0.606000006      0.291999817      0.302499890    
  0.606999993      0.310142517      0.321110755    
  0.607999980      0.328941345      0.340277135    
  0.608999968      0.348396301      0.359999090    
  0.610000014      0.368492126      0.380277783    
  0.611000001      0.389244080      0.401110888    
  0.611999989      0.410644531      0.422499508    
  0.612999976      0.431442261      0.444443583    
  0.613999963      0.452659607      0.466943324    
  0.615000010      0.474533081      0.489999890    
  0.615999997      0.497047424      0.513610721    
  0.616999984      0.520225525      0.537777126    
  0.617999971      0.544044495      0.562498927    
  0.619000018      0.568519592      0.587777913    
  0.620000005      0.593643188      0.613610864    
  0.620999992      0.619415283      0.639999449    
  0.621999979      0.645835876      0.666943550    
  0.622999966      0.672904968      0.694443107    
  0.624000013      0.700614929      0.722500026    
  0.625000000      0.728981018      0.751110733    
  0.625999987      0.757987976      0.780277014    
  0.626999974      0.787635803      0.809998870    
  0.628000021      0.817932129      0.840278029    
  0.629000008      0.847656250      0.871111035    
  0.629999995      0.877822876      0.902499437    
  0.630999982      0.908477783      0.934443474    
  0.631999969      0.939369202      0.966943085    
  0.633000016      0.970909119       1.00000024    
  0.634000003       1.00309753       1.03361082    
  0.634999990       1.03594208       1.06777692    
  0.635999978       1.06941986       1.10249889    
  0.636999965       1.10356140       1.13777614    
  0.638000011       1.13833618       1.17361116    
  0.638999999       1.17376709       1.20999956    
  0.639999986       1.20983124       1.24694335    
